#multi:
,mass A,,mass B,,
t,x,y,x,y,
0.000000E0,5.347036E0,-5.801883E-2,1.097065E1,1.611198E-2
3.333333E-2,5.287089E0,-8.363082E-1,1.083146E1,-1.605457E0
6.666667E-2,5.082206E0,-1.611371E0,1.045988E1,-3.182785E0
1.000000E-1,4.787525E0,-2.327981E0,9.874049E0,-4.703561E0
1.333333E-1,4.391958E0,-3.018668E0,9.039798E0,-6.095067E0
1.666667E-1,3.885293E0,-3.641703E0,8.021824E0,-7.382755E0
2.000000E-1,3.307075E0,-4.167068E0,6.854222E0,-8.458841E0
2.333333E-1,2.651790E0,-4.602467E0,5.536257E0,-9.368314E0
2.666667E-1,1.948868E0,-4.946080E0,4.072908E0,-1.005335E1
3.000000E-1,1.201403E0,-5.171062E0,2.563043E0,-1.053733E1
3.333333E-1,4.316760E-1,-5.283858E0,9.448213E-1,-1.075312E1
3.666667E-1,-3.579963E-1,-5.287112E0,-6.380635E-1,-1.077986E1
4.000000E-1,-1.133832E0,-5.178225E0,-2.246122E0,-1.054493E1
4.333333E-1,-1.864078E0,-4.942212E0,-3.784036E0,-1.012186E1
4.666667E-1,-2.586434E0,-4.614349E0,-5.243011E0,-9.433011E0
5.000000E-1,-3.237410E0,-4.171540E0,-6.583756E0,-8.541871E0
5.333333E-1,-3.824732E0,-3.642339E0,-7.774344E0,-7.480513E0
5.666667E-1,-4.307496E0,-3.030988E0,-8.823314E0,-6.241506E0
6.000000E-1,-4.710686E0,-2.365564E0,-9.633644E0,-4.885954E0
6.333333E-1,-5.002047E0,-1.633809E0,-1.026751E1,-3.383432E0
6.666667E-1,-5.191139E0,-8.781647E-1,-1.064622E1,-1.839196E0
7.000000E-1,-5.267388E0,-9.738479E-2,-1.082111E1,-2.559395E-1
7.333333E-1,-5.217443E0,6.889095E-1,-1.076711E1,1.392383E0
7.666667E-1,-5.064960E0,1.460769E0,-1.044828E1,2.936088E0
8.000000E-1,-4.797317E0,2.197493E0,-9.897827E0,4.469637E0
8.333333E-1,-4.415156E0,2.885118E0,-9.153258E0,5.887029E0
8.666667E-1,-3.941772E0,3.511268E0,-8.178140E0,7.223555E0
9.000000E-1,-3.378716E0,4.065349E0,-7.051843E0,8.335089E0
9.333333E-1,-2.729394E0,4.508840E0,-5.736608E0,9.321723E0
9.666667E-1,-2.028942E0,4.878787E0,-4.331427E0,1.007609E1
1.000000E0,-1.278293E0,5.129328E0,-2.806742E0,1.062773E1
1.033333E0,-5.089612E-1,5.282451E0,-1.188815E0,1.092026E1
1.066667E0,2.835505E-1,5.300552E0,4.301884E-1,1.099351E1
1.100000E0,1.072624E0,5.198804E0,2.043946E0,1.081751E1
1.133333E0,1.835860E0,5.006694E0,3.628448E0,1.041294E1
1.166667E0,2.563931E0,4.687928E0,5.117902E0,9.761186E0
1.200000E0,3.221417E0,4.250847E0,6.502095E0,8.903635E0
1.233333E0,3.829114E0,3.742551E0,7.734637E0,7.830123E0
1.266667E0,4.349918E0,3.133107E0,8.816687E0,6.613637E0
1.300000E0,4.760620E0,2.459283E0,9.683277E0,5.230421E0
1.333333E0,5.063414E0,1.736895E0,1.034634E1,3.736928E0
1.366667E0,5.269391E0,9.688660E-1,1.077441E1,2.160185E0
1.400000E0,5.356869E0,1.818025E-1,1.096425E1,5.470096E-1
1.433333E0,5.314507E0,-6.194501E-1,1.091488E1,-1.094485E0
1.466667E0,5.155120E0,-1.399996E0,1.063331E1,-2.679005E0
1.500000E0,4.903966E0,-2.144628E0,1.009674E1,-4.216879E0
1.533333E0,4.538269E0,-2.836289E0,9.374412E0,-5.665593E0
1.566667E0,4.059268E0,-3.466938E0,8.376340E0,-6.969145E0
1.600000E0,3.498302E0,-4.024401E0,7.243438E0,-8.148195E0
1.633333E0,2.870851E0,-4.497583E0,5.966109E0,-9.103125E0
1.666667E0,2.169356E0,-4.863308E0,4.534273E0,-9.895630E0
1.700000E0,1.427786E0,-5.116271E0,3.027903E0,-1.046096E1
1.733333E0,6.636610E-1,-5.274623E0,1.446070E0,-1.071986E1
1.766667E0,-1.242436E-1,-5.318107E0,-1.688860E-1,-1.078341E1
1.800000E0,-9.013791E-1,-5.237430E0,-1.752060E0,-1.065586E1
1.833333E0,-1.679241E0,-5.040435E0,-3.322014E0,-1.029114E1
1.866667E0,-2.387162E0,-4.727694E0,-4.811704E0,-9.692459E0
1.900000E0,-3.063993E0,-4.336055E0,-6.194049E0,-8.852144E0
1.933333E0,-3.651070E0,-3.828801E0,-7.428972E0,-7.837812E0
1.966667E0,-4.163810E0,-3.244186E0,-8.497323E0,-6.667545E0
2.000000E0,-4.594352E0,-2.591479E0,-9.400521E0,-5.347315E0
2.033333E0,-4.924327E0,-1.883229E0,-1.008508E1,-3.885071E0
2.066667E0,-5.144697E0,-1.128413E0,-1.056744E1,-2.374273E0
2.100000E0,-5.262964E0,-3.547444E-1,-1.079083E1,-7.610039E-1
2.133333E0,-5.250657E0,4.415516E-1,-1.081049E1,8.221651E-1
2.166667E0,-5.130374E0,1.219160E0,-1.056853E1,2.433429E0
2.200000E0,-4.887501E0,1.962881E0,-1.009403E1,3.970506E0
2.233333E0,-4.539114E0,2.670611E0,-9.423849E0,5.462630E0
2.266667E0,-4.094642E0,3.324357E0,-8.525623E0,6.803278E0
2.300000E0,-3.564920E0,3.902917E0,-7.474323E0,7.988941E0
2.333333E0,-2.944513E0,4.394184E0,-6.199786E0,9.018188E0
2.366667E0,-2.338560E0,4.747784E0,-4.957848E0,9.776293E0
2.400000E0,-1.597628E0,5.050486E0,-3.460156E0,1.042034E1
2.433333E0,-8.402049E-1,5.244875E0,-1.896953E0,1.083538E1
2.466667E0,-5.551246E-2,5.313474E0,-2.721584E-1,1.099441E1
2.500000E0,7.250291E-1,5.274122E0,1.337902E0,1.094265E1
2.533333E0,1.510524E0,5.117678E0,2.950360E0,1.063694E1
2.566667E0,2.240404E0,4.843057E0,4.476106E0,1.009984E1
2.600000E0,2.937791E0,4.460622E0,5.904159E0,9.308271E0
2.633333E0,3.568405E0,3.969474E0,7.206056E0,8.353176E0
2.666667E0,4.113272E0,3.415686E0,8.367733E0,7.170912E0
2.700000E0,4.582672E0,2.767618E0,9.331425E0,5.865327E0
2.733333E0,4.937548E0,2.074184E0,1.008803E1,4.417341E0
2.766667E0,5.182311E0,1.307278E0,1.062200E1,2.867857E0
2.800000E0,5.326776E0,5.404383E-1,1.090901E1,1.262985E0
2.833333E0,5.340312E0,-2.654011E-1,1.096653E1,-3.683719E-1
2.866667E0,5.239373E0,-1.046331E0,1.078477E1,-1.979786E0
2.900000E0,5.037318E0,-1.807200E0,1.036232E1,-3.553269E0
2.933333E0,4.712462E0,-2.535197E0,9.703373E0,-5.052342E0
2.966667E0,4.286095E0,-3.193029E0,8.836760E0,-6.428093E0
3.000000E0,3.764096E0,-3.776066E0,7.785748E0,-7.620379E0
3.033333E0,3.168467E0,-4.292420E0,6.549785E0,-8.686361E0
3.066667E0,2.493774E0,-4.712800E0,5.193864E0,-9.557802E0
3.100000E0,1.772842E0,-5.009189E0,3.757891E0,-1.020098E1
3.133333E0,1.004735E0,-5.214091E0,2.180185E0,-1.061268E1
3.166667E0,2.388262E-1,-5.314511E0,5.979943E-1,-1.078844E1
3.200000E0,-5.525008E-1,-5.285965E0,-1.016989E0,-1.077646E1
3.233333E0,-1.316484E0,-5.135013E0,-2.594871E0,-1.049234E1
3.266667E0,-2.052328E0,-4.907473E0,-4.104181E0,-9.989842E0
3.300000E0,-2.745405E0,-4.542436E0,-5.548539E0,-9.268322E0
3.333333E0,-3.386666E0,-4.096366E0,-6.852665E0,-8.343464E0
3.366667E0,-3.936700E0,-3.538593E0,-7.999238E0,-7.247550E0
3.400000E0,-4.412103E0,-2.913186E0,-9.012040E0,-5.973914E0
3.433333E0,-4.789358E0,-2.224415E0,-9.782979E0,-4.583920E0
3.466667E0,-5.067903E0,-1.498214E0,-1.034995E1,-3.076096E0
3.500000E0,-5.231067E0,-7.379209E-1,-1.071582E1,-1.528511E0
3.533333E0,-5.265918E0,4.868519E-2,-1.085071E1,8.660332E-2
3.566667E0,-5.203537E0,8.312030E-1,-1.072704E1,1.669049E0
3.600000E0,-5.027461E0,1.607463E0,-1.036784E1,3.242733E0
3.633333E0,-4.724657E0,2.328812E0,-9.812241E0,4.774031E0
3.666667E0,-4.325536E0,3.011268E0,-8.995168E0,6.190580E0
3.700000E0,-3.834141E0,3.622963E0,-8.017730E0,7.453461E0
3.733333E0,-3.251258E0,4.158747E0,-6.819786E0,8.562085E0
3.766667E0,-2.596507E0,4.608162E0,-5.503543E0,9.479145E0
3.800000E0,-1.877519E0,4.937939E0,-4.059845E0,1.019764E1
3.833333E0,-1.129799E0,5.167703E0,-2.507923E0,1.070608E1
3.866667E0,-3.520683E-1,5.290631E0,-9.126770E-1,1.096924E1
3.900000E0,4.355146E-1,5.287824E0,7.222724E-1,1.099078E1
3.933333E0,1.235142E0,5.179968E0,2.335044E0,1.076661E1
3.966667E0,1.978657E0,4.967524E0,3.888174E0,1.031327E1
4.000000E0,2.690590E0,4.622954E0,5.353612E0,9.627189E0
4.033333E0,3.336403E0,4.193345E0,6.708037E0,8.718276E0
4.066667E0,3.909662E0,3.640787E0,7.923247E0,7.628221E0
4.100000E0,4.419200E0,3.026211E0,8.954984E0,6.359322E0
4.133333E0,4.826114E0,2.368460E0,9.792867E0,4.963929E0
4.166667E0,5.129042E0,1.613597E0,1.041271E1,3.454377E0
4.200000E0,5.302918E0,8.351986E-1,1.080717E1,1.870279E0
4.233333E0,5.356431E0,5.298951E-2,1.096002E1,2.469437E-1
