,mass A,
t,x,
0.000000E0,-1.285186E-4
4.166667E-3,3.134216E-4
8.333333E-3,9.492890E-4
1.250000E-2,1.492922E-3
1.666667E-2,2.187590E-3
2.083333E-2,2.867872E-3
2.500000E-2,3.556059E-3
2.916667E-2,4.214478E-3
3.333333E-2,5.124849E-3
3.750000E-2,5.860316E-3
4.166667E-2,6.571523E-3
4.583333E-2,7.464543E-3
5.000000E-2,8.211035E-3
5.416667E-2,9.123424E-3
5.833333E-2,9.866651E-3
6.250000E-2,1.078848E-2
6.666667E-2,1.152931E-2
7.083333E-2,1.242917E-2
7.500000E-2,1.319736E-2
7.916667E-2,1.394315E-2
8.333333E-2,1.479641E-2
8.750000E-2,1.555486E-2
9.166667E-2,1.647115E-2
9.583333E-2,1.754326E-2
1.000000E-1,1.800338E-2
1.041667E-1,1.915246E-2
1.083333E-1,1.995921E-2
1.125000E-1,2.078961E-2
1.166667E-1,2.172572E-2
1.208333E-1,2.255647E-2
1.250000E-1,2.338168E-2
1.291667E-1,2.429238E-2
1.333333E-1,2.486960E-2
1.375000E-1,2.585274E-2
1.416667E-1,2.691422E-2
1.458333E-1,2.747963E-2
1.500000E-1,2.850086E-2
1.541667E-1,2.922585E-2
1.583333E-1,2.994052E-2
1.625000E-1,3.093072E-2
1.666667E-1,3.148463E-2
1.708333E-1,3.265205E-2
1.750000E-1,3.307035E-2
1.791667E-1,3.395301E-2
1.833333E-1,3.491708E-2
1.875000E-1,3.576787E-2
1.916667E-1,3.644994E-2
1.958333E-1,3.723524E-2
2.000000E-1,3.858925E-2
2.041667E-1,3.959694E-2
2.083333E-1,4.023507E-2
2.125000E-1,4.083796E-2
2.166667E-1,4.205259E-2
2.208333E-1,4.271975E-2
2.250000E-1,4.376522E-2
2.291667E-1,4.482699E-2
2.333333E-1,4.547414E-2
2.375000E-1,4.636572E-2
2.416667E-1,4.764445E-2
2.458333E-1,4.868197E-2
2.500000E-1,4.959811E-2
2.541667E-1,5.008993E-2
2.583333E-1,5.090678E-2
2.625000E-1,5.197488E-2
2.666667E-1,5.265883E-2
2.708333E-1,5.375172E-2
2.750000E-1,5.455287E-2
2.791667E-1,5.528841E-2
2.833333E-1,5.637603E-2
2.875000E-1,5.727961E-2
2.916667E-1,5.800070E-2
2.958333E-1,5.889479E-2
3.000000E-1,5.993063E-2
3.041667E-1,6.063471E-2
3.083333E-1,6.158381E-2
3.125000E-1,6.260375E-2
3.166667E-1,6.344711E-2
3.208333E-1,6.435912E-2
3.250000E-1,6.532852E-2
3.291667E-1,6.623198E-2
3.333333E-1,6.705467E-2
3.375000E-1,6.792666E-2
3.416667E-1,6.893519E-2
3.458333E-1,6.982860E-2
3.500000E-1,7.054159E-2
3.541667E-1,7.158702E-2
3.583333E-1,7.243345E-2
3.625000E-1,7.337207E-2
3.666667E-1,7.418595E-2
3.708333E-1,7.522581E-2
3.750000E-1,7.606152E-2
3.791667E-1,7.688220E-2
3.833333E-1,7.786360E-2
3.875000E-1,7.860096E-2
3.916667E-1,7.965120E-2
3.958333E-1,8.061374E-2
4.000000E-1,8.151151E-2
4.041667E-1,8.235316E-2
4.083333E-1,8.321853E-2
4.125000E-1,8.398387E-2
4.166667E-1,8.492861E-2
4.208333E-1,8.591170E-2
4.250000E-1,8.665506E-2
4.291667E-1,8.766140E-2
4.333333E-1,8.847350E-2
4.375000E-1,8.921910E-2
4.416667E-1,9.003287E-2
4.458333E-1,9.095297E-2
4.500000E-1,9.174119E-2
4.541667E-1,9.252207E-2
4.583333E-1,9.333049E-2
4.625000E-1,9.432102E-2
4.666667E-1,9.498878E-2
4.708333E-1,9.593400E-2
4.750000E-1,9.658329E-2
4.791667E-1,9.753833E-2
4.833333E-1,9.816616E-2
4.875000E-1,9.896876E-2
4.916667E-1,9.996392E-2
4.958333E-1,1.004404E-1
5.000000E-1,1.012092E-1
5.041667E-1,1.022309E-1
5.083333E-1,1.029108E-1
5.125000E-1,1.037936E-1
5.166667E-1,1.046424E-1
5.208333E-1,1.052373E-1
5.250000E-1,1.061374E-1
5.291667E-1,1.068996E-1
5.333333E-1,1.075385E-1
5.375000E-1,1.082466E-1
5.416667E-1,1.093208E-1
5.458333E-1,1.097589E-1
5.500000E-1,1.104923E-1
5.541667E-1,1.112043E-1
5.583333E-1,1.118833E-1
5.625000E-1,1.127533E-1
5.666667E-1,1.135627E-1
5.708333E-1,1.141767E-1
5.750000E-1,1.148639E-1
5.791667E-1,1.155697E-1
5.833333E-1,1.164234E-1
5.875000E-1,1.171580E-1
5.916667E-1,1.178456E-1
5.958333E-1,1.185697E-1
6.000000E-1,1.192387E-1
6.041667E-1,1.200677E-1
6.083333E-1,1.208799E-1
6.125000E-1,1.215205E-1
6.166667E-1,1.221582E-1
6.208333E-1,1.227892E-1
6.250000E-1,1.234598E-1
6.291667E-1,1.241206E-1
6.333333E-1,1.248028E-1
6.375000E-1,1.255511E-1
6.416667E-1,1.263963E-1
6.458333E-1,1.272592E-1
6.500000E-1,1.277191E-1
6.541667E-1,1.285707E-1
6.583333E-1,1.294829E-1
6.625000E-1,1.302084E-1
6.666667E-1,1.308495E-1
6.708333E-1,1.317228E-1
6.750000E-1,1.325245E-1
6.791667E-1,1.331649E-1
6.833333E-1,1.337875E-1
6.875000E-1,1.344720E-1
6.916667E-1,1.351820E-1
6.958333E-1,1.360702E-1
7.000000E-1,1.368775E-1
7.041667E-1,1.375245E-1
7.083333E-1,1.382021E-1
7.125000E-1,1.390944E-1
7.166667E-1,1.399346E-1
7.208333E-1,1.404641E-1
7.250000E-1,1.411133E-1
7.291667E-1,1.418452E-1
7.333333E-1,1.427084E-1
7.375000E-1,1.434609E-1
7.416667E-1,1.443022E-1
7.458333E-1,1.447099E-1
7.500000E-1,1.463319E-1
7.541667E-1,1.471986E-1
7.583333E-1,1.477800E-1
7.625000E-1,1.485320E-1
7.666667E-1,1.492711E-1
7.708333E-1,1.501644E-1
7.750000E-1,1.506911E-1
7.791667E-1,1.513944E-1
7.833333E-1,1.520639E-1
7.875000E-1,1.526747E-1
7.916667E-1,1.537583E-1
7.958333E-1,1.544613E-1
8.000000E-1,1.551948E-1
8.041667E-1,1.561044E-1
8.083333E-1,1.569075E-1
8.125000E-1,1.573988E-1
8.166667E-1,1.582188E-1
8.208333E-1,1.590573E-1
8.250000E-1,1.597880E-1
8.291667E-1,1.604539E-1
8.333333E-1,1.614474E-1
8.375000E-1,1.621696E-1
8.416667E-1,1.628135E-1
8.458333E-1,1.638249E-1
8.500000E-1,1.645712E-1
8.541667E-1,1.654668E-1
8.583333E-1,1.661268E-1
8.625000E-1,1.670715E-1
8.666667E-1,1.676998E-1
8.708333E-1,1.684765E-1
8.750000E-1,1.694776E-1
8.791667E-1,1.702623E-1
8.833333E-1,1.711547E-1
8.875000E-1,1.719059E-1
8.916667E-1,1.726702E-1
8.958333E-1,1.734483E-1
9.000000E-1,1.743117E-1
9.041667E-1,1.751844E-1
9.083333E-1,1.756981E-1
9.125000E-1,1.768594E-1
9.166667E-1,1.772932E-1
9.208333E-1,1.782289E-1
9.250000E-1,1.790946E-1
9.291667E-1,1.798204E-1
9.333333E-1,1.807383E-1
9.375000E-1,1.813953E-1
9.416667E-1,1.820972E-1
9.458333E-1,1.829324E-1
9.500000E-1,1.836775E-1
9.541667E-1,1.843697E-1
9.583333E-1,1.850736E-1
9.625000E-1,1.860308E-1
9.666667E-1,1.866538E-1
9.708333E-1,1.874292E-1
9.750000E-1,1.884164E-1
9.791667E-1,1.890387E-1
9.833333E-1,1.899261E-1
9.875000E-1,1.907796E-1
9.916667E-1,1.914900E-1
9.958333E-1,1.924441E-1
1.000000E0,1.932453E-1
1.004167E0,1.941112E-1
1.008333E0,1.949671E-1
1.012500E0,1.956218E-1
1.016667E0,1.964702E-1
1.020833E0,1.974053E-1
1.025000E0,1.982441E-1
1.029167E0,1.990867E-1
1.033333E0,1.999147E-1
1.037500E0,2.007220E-1
1.041667E0,2.014117E-1
1.045833E0,2.023782E-1
1.050000E0,2.030491E-1
1.054167E0,2.038846E-1
1.058333E0,2.047395E-1
1.062500E0,2.053367E-1
1.066667E0,2.060101E-1
1.070833E0,2.069770E-1
1.075000E0,2.077016E-1
1.079167E0,2.082587E-1
1.083333E0,2.090433E-1
1.087500E0,2.098191E-1
1.091667E0,2.106091E-1
1.095833E0,2.113775E-1
1.100000E0,2.119161E-1
1.104167E0,2.127766E-1
1.108333E0,2.133068E-1
1.112500E0,2.140705E-1
1.116667E0,2.149028E-1
1.120833E0,2.156265E-1
1.125000E0,2.163859E-1
1.129167E0,2.169156E-1
1.133333E0,2.175623E-1
1.137500E0,2.181926E-1
1.141667E0,2.189381E-1
1.145833E0,2.198276E-1
1.150000E0,2.206927E-1
1.154167E0,2.213841E-1
1.158333E0,2.220972E-1
1.162500E0,2.230203E-1
1.166667E0,2.236023E-1
1.170833E0,2.244091E-1
1.175000E0,2.252422E-1
1.179167E0,2.259588E-1
1.183333E0,2.267171E-1
1.187500E0,2.275895E-1
1.191667E0,2.282729E-1
1.195833E0,2.291259E-1
1.200000E0,2.300586E-1
1.204167E0,2.306161E-1
1.208333E0,2.316957E-1
1.212500E0,2.321801E-1
1.216667E0,2.332464E-1
1.220833E0,2.339140E-1
1.225000E0,2.348617E-1
1.229167E0,2.356115E-1
1.233333E0,2.363271E-1
1.237500E0,2.372606E-1
1.241667E0,2.379291E-1
1.245833E0,2.388578E-1
1.250000E0,2.396358E-1
1.254167E0,2.405953E-1
1.258333E0,2.412702E-1
1.262500E0,2.421616E-1
1.266667E0,2.430028E-1
1.270833E0,2.440005E-1
1.275000E0,2.447037E-1
1.279167E0,2.455877E-1
1.283333E0,2.464614E-1
1.287500E0,2.473348E-1
1.291667E0,2.481085E-1
1.295833E0,2.488507E-1
1.300000E0,2.498273E-1
1.304167E0,2.505153E-1
1.308333E0,2.514682E-1
1.312500E0,2.521155E-1
1.316667E0,2.529760E-1
1.320833E0,2.540896E-1
1.325000E0,2.546821E-1
1.329167E0,2.555026E-1
1.333333E0,2.562795E-1
1.337500E0,2.571524E-1
1.341667E0,2.579057E-1
1.345833E0,2.588624E-1
1.350000E0,2.596284E-1
1.354167E0,2.604887E-1
1.358333E0,2.612503E-1
1.362500E0,2.620362E-1
1.366667E0,2.628906E-1
1.370833E0,2.637854E-1
1.375000E0,2.645573E-1
1.379167E0,2.654287E-1
1.383333E0,2.663082E-1
1.387500E0,2.670453E-1
1.391667E0,2.679903E-1
1.395833E0,2.687570E-1
1.400000E0,2.694907E-1
1.404167E0,2.703567E-1
1.408333E0,2.712293E-1
1.412500E0,2.720702E-1
1.416667E0,2.728390E-1
1.420833E0,2.736980E-1
1.425000E0,2.744757E-1
1.429167E0,2.754086E-1
1.433333E0,2.762032E-1
1.437500E0,2.772384E-1
1.441667E0,2.779697E-1
1.445833E0,2.788335E-1
1.450000E0,2.796845E-1
1.454167E0,2.804914E-1
1.458333E0,2.812822E-1
1.462500E0,2.822229E-1
1.466667E0,2.829690E-1
1.470833E0,2.837653E-1
1.475000E0,2.846311E-1
1.479167E0,2.855139E-1
1.483333E0,2.864281E-1
1.487500E0,2.871728E-1
1.491667E0,2.880316E-1
1.495833E0,2.888355E-1
1.500000E0,2.896219E-1
1.504167E0,2.904463E-1
1.508333E0,2.911526E-1
1.512500E0,2.921578E-1
1.516667E0,2.929416E-1
1.520833E0,2.937718E-1
1.525000E0,2.944753E-1
1.529167E0,2.953888E-1
1.533333E0,2.960917E-1
1.537500E0,2.968796E-1
1.541667E0,2.977505E-1
1.545833E0,2.984338E-1
1.550000E0,2.992947E-1
1.554167E0,3.001208E-1
1.558333E0,3.007812E-1
1.562500E0,3.014576E-1
1.566667E0,3.024422E-1
1.570833E0,3.031162E-1
1.575000E0,3.039773E-1
1.579167E0,3.047618E-1
1.583333E0,3.054513E-1
1.587500E0,3.061901E-1
1.591667E0,3.070652E-1
1.595833E0,3.077544E-1
1.600000E0,3.085031E-1
1.604167E0,3.094235E-1
1.608333E0,3.100360E-1
1.612500E0,3.107481E-1
1.616667E0,3.115940E-1
1.620833E0,3.124448E-1
1.625000E0,3.131465E-1
1.629167E0,3.139909E-1
1.633333E0,3.147370E-1
1.637500E0,3.153697E-1
1.641667E0,3.161981E-1
1.645833E0,3.169333E-1
1.650000E0,3.177059E-1
1.654167E0,3.183718E-1
1.658333E0,3.190512E-1
1.662500E0,3.201868E-1
1.666667E0,3.207868E-1
1.670833E0,3.214785E-1
1.675000E0,3.222591E-1
1.679167E0,3.230099E-1
1.683333E0,3.237289E-1
1.687500E0,3.244240E-1
1.691667E0,3.251963E-1
1.695833E0,3.258959E-1
1.700000E0,3.267378E-1
1.704167E0,3.273269E-1
1.708333E0,3.280424E-1
1.712500E0,3.286840E-1
1.716667E0,3.294307E-1
1.720833E0,3.300618E-1
1.725000E0,3.308452E-1
1.729167E0,3.315054E-1
1.733333E0,3.322467E-1
1.737500E0,3.329773E-1
1.741667E0,3.336560E-1
1.745833E0,3.344319E-1
1.750000E0,3.350808E-1
1.754167E0,3.356535E-1
1.758333E0,3.363308E-1
1.762500E0,3.369122E-1
1.766667E0,3.377159E-1
1.770833E0,3.384592E-1
1.775000E0,3.394663E-1
1.779167E0,3.399570E-1
1.783333E0,3.407986E-1
1.787500E0,3.418378E-1
1.791667E0,3.423085E-1
1.795833E0,3.430419E-1
1.800000E0,3.438678E-1
1.804167E0,3.447151E-1
1.808333E0,3.454362E-1
1.812500E0,3.461072E-1
1.816667E0,3.470715E-1
1.820833E0,3.476763E-1
1.825000E0,3.484965E-1
1.829167E0,3.493383E-1
1.833333E0,3.500561E-1
1.837500E0,3.509477E-1
1.841667E0,3.516901E-1
1.845833E0,3.523059E-1
1.850000E0,3.529367E-1
1.854167E0,3.538003E-1
1.858333E0,3.546194E-1
1.862500E0,3.551897E-1
1.866667E0,3.558883E-1
1.870833E0,3.568055E-1
1.875000E0,3.574802E-1
1.879167E0,3.581431E-1
1.883333E0,3.590591E-1
1.887500E0,3.600656E-1
1.891667E0,3.605562E-1
1.895833E0,3.613660E-1
1.900000E0,3.622719E-1
1.904167E0,3.630490E-1
1.908333E0,3.636677E-1
1.912500E0,3.646733E-1
1.916667E0,3.653060E-1
1.920833E0,3.661947E-1
1.925000E0,3.670057E-1
1.929167E0,3.677145E-1
1.933333E0,3.685909E-1
1.937500E0,3.693202E-1
1.941667E0,3.699782E-1
1.945833E0,3.708222E-1
1.950000E0,3.715554E-1
1.954167E0,3.722623E-1
1.958333E0,3.729075E-1
1.962500E0,3.739052E-1
1.966667E0,3.747660E-1
1.970833E0,3.754330E-1
1.975000E0,3.763884E-1
1.979167E0,3.772025E-1
1.983333E0,3.780935E-1
1.987500E0,3.784559E-1
1.991667E0,3.793045E-1
1.995833E0,3.801812E-1
2.000000E0,3.809299E-1
2.004167E0,3.819401E-1
2.008333E0,3.825867E-1
2.012500E0,3.836304E-1
2.016667E0,3.843344E-1
2.020833E0,3.851958E-1
2.025000E0,3.858082E-1
2.029167E0,3.867212E-1
2.033333E0,3.877050E-1
2.037500E0,3.881430E-1
2.041667E0,3.892474E-1
2.045833E0,3.898025E-1
2.050000E0,3.908042E-1
2.054167E0,3.914400E-1
2.058333E0,3.925108E-1
2.062500E0,3.930585E-1
2.066667E0,3.943450E-1
2.070833E0,3.947165E-1
2.075000E0,3.961069E-1
2.079167E0,3.967388E-1
2.083333E0,3.974185E-1
2.087500E0,3.987144E-1
2.091667E0,3.993309E-1
2.095833E0,4.002949E-1
2.100000E0,4.012640E-1
2.104167E0,4.021062E-1
2.108333E0,4.027223E-1
2.112500E0,4.036400E-1
2.116667E0,4.045478E-1
2.120833E0,4.053575E-1
2.125000E0,4.061460E-1
2.129167E0,4.069980E-1
2.133333E0,4.077851E-1
2.137500E0,4.086829E-1
2.141667E0,4.094689E-1
2.145833E0,4.102674E-1
2.150000E0,4.112208E-1
2.154167E0,4.120225E-1
2.158333E0,4.127676E-1
2.162500E0,4.134441E-1
2.166667E0,4.145921E-1
2.170833E0,4.151923E-1
2.175000E0,4.163275E-1
2.179167E0,4.170928E-1
2.183333E0,4.178208E-1
2.187500E0,4.187969E-1
2.191667E0,4.194563E-1
2.195833E0,4.203353E-1
2.200000E0,4.211675E-1
2.204167E0,4.219018E-1
2.208333E0,4.229481E-1
2.212500E0,4.235943E-1
2.216667E0,4.245235E-1
2.220833E0,4.254263E-1
2.225000E0,4.260724E-1
2.229167E0,4.267675E-1
2.233333E0,4.277861E-1
2.237500E0,4.284976E-1
2.241667E0,4.292395E-1
2.245833E0,4.301714E-1
2.250000E0,4.308624E-1
2.254167E0,4.318835E-1
2.258333E0,4.324732E-1
2.262500E0,4.332827E-1
2.266667E0,4.342376E-1
2.270833E0,4.349416E-1
2.275000E0,4.357315E-1
2.279167E0,4.364836E-1
2.283333E0,4.371815E-1
2.287500E0,4.381001E-1
2.291667E0,4.388786E-1
2.295833E0,4.398152E-1
2.300000E0,4.404964E-1
2.304167E0,4.414410E-1
2.308333E0,4.421152E-1
2.312500E0,4.431001E-1
2.316667E0,4.439383E-1
2.320833E0,4.447119E-1
2.325000E0,4.455373E-1
2.329167E0,4.464225E-1
2.333333E0,4.471331E-1
2.337500E0,4.478517E-1
2.341667E0,4.488710E-1
2.345833E0,4.495308E-1
2.350000E0,4.506011E-1
2.354167E0,4.514135E-1
2.358333E0,4.521006E-1
