,mass A,
t,x,
0.000000E0,1.293335E-4
4.166667E-3,1.320744E-3
8.333333E-3,4.815028E-3
1.250000E-2,6.904714E-3
1.666667E-2,1.045202E-2
2.083333E-2,1.230126E-2
2.500000E-2,1.481917E-2
2.916667E-2,1.685738E-2
3.333333E-2,1.920339E-2
3.750000E-2,2.114997E-2
4.166667E-2,2.193299E-2
4.583333E-2,2.669094E-2
5.000000E-2,2.893029E-2
5.416667E-2,3.114052E-2
5.833333E-2,3.245979E-2
6.250000E-2,3.548263E-2
6.666667E-2,3.716523E-2
7.083333E-2,3.982459E-2
7.500000E-2,4.093413E-2
7.916667E-2,4.416126E-2
8.333333E-2,4.691751E-2
8.750000E-2,4.894658E-2
9.166667E-2,5.056518E-2
9.583333E-2,5.226763E-2
1.000000E-1,5.426964E-2
1.041667E-1,5.904722E-2
1.083333E-1,5.887222E-2
1.125000E-1,6.116493E-2
1.166667E-1,6.604290E-2
1.208333E-1,6.659322E-2
1.250000E-1,6.879713E-2
1.291667E-1,7.168875E-2
1.333333E-1,7.430279E-2
1.375000E-1,7.483098E-2
1.416667E-1,7.925213E-2
1.458333E-1,7.924897E-2
1.500000E-1,8.395656E-2
1.541667E-1,8.631665E-2
1.583333E-1,8.583583E-2
1.625000E-1,8.950660E-2
1.666667E-1,9.269260E-2
1.708333E-1,9.434777E-2
1.750000E-1,9.698033E-2
1.791667E-1,9.938532E-2
1.833333E-1,9.953429E-2
1.875000E-1,1.038387E-1
1.916667E-1,1.040524E-1
1.958333E-1,1.061001E-1
2.000000E-1,1.107297E-1
2.041667E-1,1.133258E-1
2.083333E-1,1.154148E-1
2.125000E-1,1.173669E-1
2.166667E-1,1.173208E-1
2.208333E-1,1.205462E-1
2.250000E-1,1.231218E-1
2.291667E-1,1.257245E-1
2.333333E-1,1.273260E-1
2.375000E-1,1.298563E-1
2.416667E-1,1.320839E-1
2.458333E-1,1.344809E-1
2.500000E-1,1.373353E-1
2.541667E-1,1.380576E-1
2.583333E-1,1.409628E-1
2.625000E-1,1.411821E-1
2.666667E-1,1.429981E-1
2.708333E-1,1.458261E-1
2.750000E-1,1.471043E-1
2.791667E-1,1.513311E-1
2.833333E-1,1.531217E-1
2.875000E-1,1.558249E-1
2.916667E-1,1.586293E-1
2.958333E-1,1.583186E-1
3.000000E-1,1.601328E-1
3.041667E-1,1.596462E-1
3.083333E-1,1.624758E-1
3.125000E-1,1.667550E-1
3.166667E-1,1.685931E-1
3.208333E-1,1.703024E-1
3.250000E-1,1.726900E-1
3.291667E-1,1.746674E-1
3.333333E-1,1.759445E-1
3.375000E-1,1.772504E-1
3.416667E-1,1.791060E-1
3.458333E-1,1.819416E-1
3.500000E-1,1.843724E-1
3.541667E-1,1.856629E-1
3.583333E-1,1.885173E-1
3.625000E-1,1.901577E-1
3.666667E-1,1.919513E-1
3.708333E-1,1.925707E-1
3.750000E-1,1.950852E-1
3.791667E-1,1.959903E-1
3.833333E-1,1.963530E-1
3.875000E-1,2.010930E-1
3.916667E-1,2.030381E-1
3.958333E-1,2.047651E-1
4.000000E-1,2.072034E-1
4.041667E-1,2.095475E-1
4.083333E-1,2.117329E-1
4.125000E-1,2.143060E-1
4.166667E-1,2.162537E-1
4.208333E-1,2.185337E-1
4.250000E-1,2.207848E-1
4.291667E-1,2.225042E-1
4.333333E-1,2.249736E-1
4.375000E-1,2.268434E-1
4.416667E-1,2.293642E-1
4.458333E-1,2.315073E-1
4.500000E-1,2.334660E-1
4.541667E-1,2.346161E-1
4.583333E-1,2.366899E-1
4.625000E-1,2.385227E-1
4.666667E-1,2.405378E-1
4.708333E-1,2.421063E-1
4.750000E-1,2.458390E-1
4.791667E-1,2.457077E-1
4.833333E-1,2.499065E-1
4.875000E-1,2.514549E-1
4.916667E-1,2.530057E-1
4.958333E-1,2.545507E-1
5.000000E-1,2.553981E-1
5.041667E-1,2.581115E-1
5.083333E-1,2.606710E-1
5.125000E-1,2.618205E-1
5.166667E-1,2.642580E-1
5.208333E-1,2.651731E-1
5.250000E-1,2.677127E-1
5.291667E-1,2.693641E-1
5.333333E-1,2.717943E-1
5.375000E-1,2.719241E-1
5.416667E-1,2.741506E-1
5.458333E-1,2.758090E-1
5.500000E-1,2.794641E-1
5.541667E-1,2.811596E-1
5.583333E-1,2.815455E-1
5.625000E-1,2.840150E-1
5.666667E-1,2.847705E-1
5.708333E-1,2.878197E-1
5.750000E-1,2.901398E-1
5.791667E-1,2.916321E-1
5.833333E-1,2.925786E-1
5.875000E-1,2.936283E-1
5.916667E-1,2.974241E-1
5.958333E-1,2.985693E-1
6.000000E-1,2.989065E-1
6.041667E-1,3.008596E-1
6.083333E-1,3.034886E-1
6.125000E-1,3.053589E-1
6.166667E-1,3.073287E-1
6.208333E-1,3.076998E-1
6.250000E-1,3.106570E-1
6.291667E-1,3.135106E-1
6.333333E-1,3.156381E-1
6.375000E-1,3.178983E-1
6.416667E-1,3.198384E-1
6.458333E-1,3.210779E-1
6.500000E-1,3.215612E-1
6.541667E-1,3.236354E-1
6.583333E-1,3.262899E-1
6.625000E-1,3.281183E-1
6.666667E-1,3.301255E-1
6.708333E-1,3.302256E-1
6.750000E-1,3.320557E-1
6.791667E-1,3.358479E-1
6.833333E-1,3.379506E-1
6.875000E-1,3.400548E-1
6.916667E-1,3.423940E-1
6.958333E-1,3.441736E-1
7.000000E-1,3.465968E-1
7.041667E-1,3.486428E-1
7.083333E-1,3.506759E-1
7.125000E-1,3.517985E-1
7.166667E-1,3.528416E-1
7.208333E-1,3.550339E-1
7.250000E-1,3.574670E-1
7.291667E-1,3.570472E-1
7.333333E-1,3.610635E-1
7.375000E-1,3.628098E-1
7.416667E-1,3.654782E-1
7.458333E-1,3.675726E-1
7.500000E-1,3.684799E-1
7.541667E-1,3.686054E-1
7.583333E-1,3.715710E-1
7.625000E-1,3.733204E-1
7.666667E-1,3.753620E-1
7.708333E-1,3.754565E-1
7.750000E-1,3.787303E-1
7.791667E-1,3.796655E-1
7.833333E-1,3.812311E-1
7.875000E-1,3.831105E-1
7.916667E-1,3.837960E-1
7.958333E-1,3.864548E-1
8.000000E-1,3.872133E-1
8.041667E-1,3.883986E-1
8.083333E-1,3.905599E-1
8.125000E-1,3.909449E-1
8.166667E-1,3.932401E-1
8.208333E-1,3.954157E-1
8.250000E-1,3.973701E-1
8.291667E-1,3.976752E-1
8.333333E-1,4.011710E-1
8.375000E-1,4.030195E-1
8.416667E-1,4.051576E-1
8.458333E-1,4.074733E-1
8.500000E-1,4.094835E-1
8.541667E-1,4.120427E-1
8.583333E-1,4.138298E-1
8.625000E-1,4.153940E-1
8.666667E-1,4.174824E-1
8.708333E-1,4.184273E-1
8.750000E-1,4.204234E-1
8.791667E-1,4.234598E-1
8.833333E-1,4.259435E-1
8.875000E-1,4.273139E-1
8.916667E-1,4.281063E-1
8.958333E-1,4.288192E-1
9.000000E-1,4.321108E-1
9.041667E-1,4.346003E-1
9.083333E-1,4.363547E-1
9.125000E-1,4.379348E-1
9.166667E-1,4.391094E-1
9.208333E-1,4.412419E-1
9.250000E-1,4.430305E-1
9.291667E-1,4.441336E-1
9.333333E-1,4.466081E-1
9.375000E-1,4.477537E-1
9.416667E-1,4.496414E-1
9.458333E-1,4.529011E-1
9.500000E-1,4.546749E-1
9.541667E-1,4.577746E-1
9.583333E-1,4.585878E-1
9.625000E-1,4.593860E-1
9.666667E-1,4.603741E-1
9.708333E-1,4.623318E-1
9.750000E-1,4.660002E-1
9.791667E-1,4.678175E-1
9.833333E-1,4.690264E-1
9.875000E-1,4.698078E-1
9.916667E-1,4.720812E-1
9.958333E-1,4.752627E-1
1.000000E0,4.782914E-1
1.004167E0,4.797323E-1
1.008333E0,4.821107E-1
1.012500E0,4.834050E-1
1.016667E0,4.862825E-1
1.020833E0,4.885960E-1
1.025000E0,4.910943E-1
1.029167E0,4.929408E-1
1.033333E0,4.951744E-1
1.037500E0,4.976602E-1
1.041667E0,4.993887E-1
1.045833E0,5.020186E-1
1.050000E0,5.048568E-1
1.054167E0,5.067747E-1
1.058333E0,5.095375E-1
1.062500E0,5.116505E-1
1.066667E0,5.122881E-1
1.070833E0,5.152512E-1
1.075000E0,5.167323E-1
1.079167E0,5.194353E-1
1.083333E0,5.203141E-1
1.087500E0,5.220644E-1
1.091667E0,5.240249E-1
1.095833E0,5.269486E-1
1.100000E0,5.284043E-1
1.104167E0,5.316799E-1
1.108333E0,5.340370E-1
1.112500E0,5.359382E-1
1.116667E0,5.378618E-1
1.120833E0,5.402104E-1
1.125000E0,5.428927E-1
1.129167E0,5.448789E-1
1.133333E0,5.478861E-1
1.137500E0,5.502469E-1
1.141667E0,5.504296E-1
1.145833E0,5.530066E-1
1.150000E0,5.549257E-1
1.154167E0,5.561589E-1
1.158333E0,5.587970E-1
1.162500E0,5.602738E-1
1.166667E0,5.632223E-1
1.170833E0,5.652604E-1
1.175000E0,5.668416E-1
1.179167E0,5.687078E-1
1.183333E0,5.708791E-1
1.187500E0,5.727583E-1
1.191667E0,5.748072E-1
1.195833E0,5.761558E-1
1.200000E0,5.789243E-1
1.204167E0,5.816064E-1
1.208333E0,5.835794E-1
1.212500E0,5.864454E-1
1.216667E0,5.885363E-1
1.220833E0,5.908412E-1
1.225000E0,5.922816E-1
1.229167E0,5.937543E-1
1.233333E0,5.953868E-1
1.237500E0,5.969738E-1
1.241667E0,5.983845E-1
1.245833E0,6.005166E-1
1.250000E0,6.013092E-1
1.254167E0,6.028685E-1
1.258333E0,6.049897E-1
1.262500E0,6.057960E-1
1.266667E0,6.073888E-1
1.270833E0,6.092754E-1
1.275000E0,6.127197E-1
1.279167E0,6.132219E-1
1.283333E0,6.156954E-1
1.287500E0,6.171108E-1
1.291667E0,6.188068E-1
1.295833E0,6.215872E-1
1.300000E0,6.241875E-1
1.304167E0,6.253246E-1
1.308333E0,6.267659E-1
1.312500E0,6.276753E-1
1.316667E0,6.306923E-1
1.320833E0,6.326495E-1
1.325000E0,6.342776E-1
1.329167E0,6.357280E-1
1.333333E0,6.374279E-1
1.337500E0,6.389364E-1
1.341667E0,6.417593E-1
1.345833E0,6.440479E-1
1.350000E0,6.459079E-1
1.354167E0,6.470075E-1
1.358333E0,6.481846E-1
1.362500E0,6.507316E-1
1.366667E0,6.541599E-1
1.370833E0,6.550422E-1
1.375000E0,6.561369E-1
1.379167E0,6.575853E-1
1.383333E0,6.587949E-1
1.387500E0,6.612368E-1
1.391667E0,6.618805E-1
1.395833E0,6.626633E-1
1.400000E0,6.678007E-1
1.404167E0,6.692827E-1
1.408333E0,6.711738E-1
1.412500E0,6.722756E-1
1.416667E0,6.731244E-1
1.420833E0,6.747889E-1
1.425000E0,6.777202E-1
1.429167E0,6.802135E-1
1.433333E0,6.821265E-1
1.437500E0,6.819980E-1
1.441667E0,6.836359E-1
1.445833E0,6.862697E-1
1.450000E0,6.869626E-1
1.454167E0,6.888464E-1
1.458333E0,6.917807E-1
1.462500E0,6.934650E-1
1.466667E0,6.959641E-1
1.470833E0,6.984351E-1
1.475000E0,7.003426E-1
1.479167E0,7.022153E-1
1.483333E0,7.037179E-1
1.487500E0,7.041631E-1
1.491667E0,7.078322E-1
1.495833E0,7.100307E-1
1.500000E0,7.126085E-1
1.504167E0,7.137110E-1
1.508333E0,7.137408E-1
1.512500E0,7.157724E-1
1.516667E0,7.183020E-1
1.520833E0,7.197075E-1
1.525000E0,7.209320E-1
1.529167E0,7.228245E-1
1.533333E0,7.244836E-1
1.537500E0,7.275042E-1
1.541667E0,7.293746E-1
1.545833E0,7.304173E-1
1.550000E0,7.326429E-1
1.554167E0,7.342263E-1
1.558333E0,7.356692E-1
1.562500E0,7.386454E-1
1.566667E0,7.415086E-1
1.570833E0,7.423924E-1
1.575000E0,7.457338E-1
1.579167E0,7.479710E-1
1.583333E0,7.507190E-1
1.587500E0,7.531864E-1
1.591667E0,7.552304E-1
1.595833E0,7.572987E-1
1.600000E0,7.600296E-1
1.604167E0,7.620081E-1
1.608333E0,7.639310E-1
1.612500E0,7.662777E-1
1.616667E0,7.668079E-1
1.620833E0,7.693089E-1
1.625000E0,7.711385E-1
1.629167E0,7.731998E-1
1.633333E0,7.763314E-1
1.637500E0,7.778738E-1
1.641667E0,7.805505E-1
1.645833E0,7.814911E-1
1.650000E0,7.843950E-1
1.654167E0,7.867387E-1
1.658333E0,7.889835E-1
1.662500E0,7.921408E-1
1.666667E0,7.935383E-1
1.670833E0,7.975583E-1
1.675000E0,7.990259E-1
1.679167E0,8.013320E-1
1.683333E0,8.032752E-1
1.687500E0,8.063108E-1
1.691667E0,8.094576E-1
1.695833E0,8.095271E-1
1.700000E0,8.141965E-1
1.704167E0,8.147010E-1
1.708333E0,8.179153E-1
1.712500E0,8.201482E-1
1.716667E0,8.223388E-1
1.720833E0,8.248665E-1
1.725000E0,8.268347E-1
1.729167E0,8.307884E-1
1.733333E0,8.322714E-1
1.737500E0,8.337950E-1
1.741667E0,8.359157E-1
1.745833E0,8.370278E-1
1.750000E0,8.404359E-1
1.754167E0,8.420618E-1
1.758333E0,8.434332E-1
1.762500E0,8.448139E-1
1.766667E0,8.467442E-1
1.770833E0,8.483759E-1
1.775000E0,8.518438E-1
1.779167E0,8.544866E-1
1.783333E0,8.569995E-1
1.787500E0,8.589345E-1
1.791667E0,8.616571E-1
1.795833E0,8.640804E-1
1.800000E0,8.663576E-1
1.804167E0,8.676009E-1
1.808333E0,8.690458E-1
1.812500E0,8.707589E-1
1.816667E0,8.714442E-1
1.820833E0,8.732426E-1
1.825000E0,8.751375E-1
1.829167E0,8.755127E-1
1.833333E0,8.778982E-1
1.837500E0,8.806446E-1
1.841667E0,8.833505E-1
1.845833E0,8.848407E-1
1.850000E0,8.861403E-1
1.854167E0,8.861207E-1
1.858333E0,8.903446E-1
1.862500E0,8.922199E-1
1.866667E0,8.931127E-1
1.870833E0,8.941331E-1
1.875000E0,8.963726E-1
1.879167E0,8.986142E-1
1.883333E0,9.008227E-1
1.887500E0,9.022541E-1
1.891667E0,9.037442E-1
1.895833E0,9.046011E-1
1.900000E0,9.080704E-1
1.904167E0,9.108238E-1
1.908333E0,9.125732E-1
1.912500E0,9.138502E-1
1.916667E0,9.167922E-1
1.920833E0,9.195616E-1
1.925000E0,9.221302E-1
1.929167E0,9.224815E-1
1.933333E0,9.260648E-1
1.937500E0,9.268819E-1
1.941667E0,9.286087E-1
1.945833E0,9.298700E-1
1.950000E0,9.327863E-1
1.954167E0,9.352135E-1
1.958333E0,9.364729E-1
1.962500E0,9.382490E-1
1.966667E0,9.399968E-1
1.970833E0,9.412043E-1
1.975000E0,9.432759E-1
1.979167E0,9.457318E-1
1.983333E0,9.485702E-1
1.987500E0,9.497648E-1
1.991667E0,9.515143E-1
1.995833E0,9.526798E-1
2.000000E0,9.546600E-1
2.004167E0,9.576619E-1
2.008333E0,9.592512E-1
2.012500E0,9.615922E-1
2.016667E0,9.620498E-1
2.020833E0,9.639437E-1
2.025000E0,9.658177E-1
2.029167E0,9.689363E-1
2.033333E0,9.708305E-1
2.037500E0,9.724566E-1
2.041667E0,9.747577E-1
2.045833E0,9.755031E-1
2.050000E0,9.768607E-1
2.054167E0,9.799246E-1
2.058333E0,9.821350E-1
2.062500E0,9.848847E-1
2.066667E0,9.863614E-1
2.070833E0,9.881590E-1
2.075000E0,9.897571E-1
2.079167E0,9.908029E-1
2.083333E0,9.938482E-1
2.087500E0,9.957017E-1
2.091667E0,9.977685E-1
2.095833E0,1.000154E0
2.100000E0,1.002004E0
2.104167E0,1.003178E0
2.108333E0,1.004704E0
2.112500E0,1.006276E0
2.116667E0,1.008831E0
2.120833E0,1.010616E0
2.125000E0,1.011280E0
2.129167E0,1.012656E0
2.133333E0,1.016591E0
2.137500E0,1.018422E0
2.141667E0,1.020521E0
2.145833E0,1.021673E0
2.150000E0,1.021866E0
2.154167E0,1.025018E0
2.158333E0,1.026885E0
2.162500E0,1.028888E0
2.166667E0,1.028444E0
2.170833E0,1.031571E0
2.175000E0,1.033645E0
2.179167E0,1.033411E0
2.183333E0,1.036876E0
2.187500E0,1.036862E0
2.191667E0,1.040407E0
2.195833E0,1.040353E0
2.200000E0,1.043871E0
2.204167E0,1.046121E0
2.208333E0,1.048809E0
2.212500E0,1.051327E0
2.216667E0,1.052747E0
2.220833E0,1.053467E0
2.225000E0,1.053632E0
2.229167E0,1.057027E0
2.233333E0,1.058803E0
2.237500E0,1.061055E0
2.241667E0,1.063177E0
2.245833E0,1.064776E0
2.250000E0,1.064712E0
2.254167E0,1.068113E0
2.258333E0,1.069390E0
2.262500E0,1.071329E0
2.266667E0,1.072277E0
2.270833E0,1.074049E0
2.275000E0,1.076684E0
2.279167E0,1.079145E0
2.283333E0,1.081000E0
2.287500E0,1.083836E0
2.291667E0,1.083882E0
2.295833E0,1.085588E0
2.300000E0,1.087357E0
2.304167E0,1.090574E0
2.308333E0,1.092861E0
2.312500E0,1.094982E0
2.316667E0,1.097029E0
2.320833E0,1.099301E0
2.325000E0,1.101170E0
2.329167E0,1.102847E0
2.333333E0,1.103982E0
2.337500E0,1.105942E0
2.341667E0,1.107940E0
2.345833E0,1.110451E0
2.350000E0,1.112067E0
2.354167E0,1.114179E0
2.358333E0,1.115433E0
2.362500E0,1.116776E0
2.366667E0,1.118439E0
2.370833E0,1.121299E0
2.375000E0,1.123617E0
2.379167E0,1.124452E0
2.383333E0,1.126484E0
2.387500E0,1.127487E0
2.391667E0,1.129852E0
2.395833E0,1.132048E0
2.400000E0,1.135828E0
2.404167E0,1.138474E0
2.408333E0,1.140732E0
2.412500E0,1.142545E0
2.416667E0,1.144795E0
2.420833E0,1.146707E0
2.425000E0,1.149022E0
2.429167E0,1.150734E0
2.433333E0,1.152821E0
2.437500E0,1.153957E0
2.441667E0,1.154929E0
2.445833E0,1.158102E0
2.450000E0,1.160529E0
2.454167E0,1.162374E0
2.458333E0,1.164885E0
2.462500E0,1.166515E0
2.466667E0,1.168580E0
2.470833E0,1.168702E0
2.475000E0,1.171646E0
2.479167E0,1.173696E0
2.483333E0,1.175082E0
2.487500E0,1.177484E0
2.491667E0,1.179382E0
2.495833E0,1.180401E0
2.500000E0,1.182303E0
2.504167E0,1.184154E0
2.508333E0,1.186967E0
2.512500E0,1.188330E0
2.516667E0,1.190821E0
2.520833E0,1.191814E0
2.525000E0,1.194203E0
2.529167E0,1.195039E0
2.533333E0,1.197696E0
2.537500E0,1.200577E0
2.541667E0,1.201677E0
2.545833E0,1.204793E0
2.550000E0,1.207487E0
2.554167E0,1.209328E0
2.558333E0,1.210485E0
2.562500E0,1.211696E0
2.566667E0,1.213485E0
2.570833E0,1.216958E0
2.575000E0,1.217899E0
2.579167E0,1.220972E0
2.583333E0,1.223368E0
2.587500E0,1.225182E0
2.591667E0,1.227559E0
2.595833E0,1.229854E0
2.600000E0,1.232297E0
2.604167E0,1.234101E0
2.608333E0,1.236009E0
2.612500E0,1.236592E0
2.616667E0,1.239125E0
2.620833E0,1.240446E0
2.625000E0,1.243670E0
2.629167E0,1.245510E0
2.633333E0,1.247881E0
2.637500E0,1.250283E0
2.641667E0,1.252106E0
2.645833E0,1.253755E0
2.650000E0,1.254217E0
2.654167E0,1.257508E0
2.658333E0,1.260129E0
2.662500E0,1.261925E0
2.666667E0,1.264957E0
2.670833E0,1.266710E0
2.675000E0,1.268127E0
2.679167E0,1.269138E0
2.683333E0,1.270930E0
2.687500E0,1.271837E0
2.691667E0,1.274737E0
2.695833E0,1.276198E0
2.700000E0,1.278366E0
2.704167E0,1.278543E0
2.708333E0,1.281747E0
2.712500E0,1.284111E0
2.716667E0,1.285877E0
2.720833E0,1.287516E0
2.725000E0,1.287571E0
2.729167E0,1.290948E0
2.733333E0,1.293405E0
2.737500E0,1.295233E0
2.741667E0,1.297277E0
2.745833E0,1.299329E0
2.750000E0,1.299313E0
2.754167E0,1.302005E0
2.758333E0,1.304708E0
2.762500E0,1.306016E0
2.766667E0,1.305759E0
2.770833E0,1.308920E0
2.775000E0,1.311404E0
2.779167E0,1.312045E0
2.783333E0,1.312217E0
2.787500E0,1.316445E0
2.791667E0,1.318341E0
2.795833E0,1.319740E0
2.800000E0,1.319183E0
2.804167E0,1.322233E0
2.808333E0,1.322936E0
2.812500E0,1.323797E0
2.816667E0,1.326678E0
2.820833E0,1.329522E0
2.825000E0,1.330027E0
2.829167E0,1.329652E0
2.833333E0,1.333699E0
2.837500E0,1.333786E0
2.841667E0,1.335414E0
2.845833E0,1.337949E0
2.850000E0,1.340535E0
2.854167E0,1.341986E0
2.858333E0,1.343007E0
2.862500E0,1.343994E0
2.866667E0,1.346725E0
2.870833E0,1.346246E0
2.875000E0,1.350302E0
2.879167E0,1.351802E0
2.883333E0,1.353444E0
2.887500E0,1.353189E0
2.891667E0,1.356305E0
2.895833E0,1.358038E0
2.900000E0,1.359108E0
2.904167E0,1.360426E0
2.908333E0,1.361781E0
2.912500E0,1.364797E0
2.916667E0,1.364105E0
2.920833E0,1.367746E0
2.925000E0,1.368290E0
2.929167E0,1.368867E0
2.933333E0,1.372287E0
2.937500E0,1.374215E0
2.941667E0,1.375007E0
2.945833E0,1.374730E0
2.950000E0,1.379031E0
2.954167E0,1.382051E0
2.958333E0,1.381520E0
2.962500E0,1.383091E0
2.966667E0,1.386400E0
2.970833E0,1.388739E0
2.975000E0,1.390936E0
2.979167E0,1.392139E0
2.983333E0,1.391263E0
2.987500E0,1.395524E0
2.991667E0,1.397425E0
2.995833E0,1.397812E0
3.000000E0,1.398886E0
3.004167E0,1.400330E0
3.008333E0,1.402137E0
3.012500E0,1.402783E0
3.016667E0,1.407131E0
3.020833E0,1.405904E0
3.025000E0,1.411495E0
3.029167E0,1.411127E0
3.033333E0,1.412217E0
3.037500E0,1.415179E0
3.041667E0,1.417441E0
3.045833E0,1.415816E0
3.050000E0,1.419092E0
3.054167E0,1.420763E0
3.058333E0,1.420802E0
3.062500E0,1.422530E0
3.066667E0,1.423225E0
3.070833E0,1.425197E0
3.075000E0,1.425651E0
3.079167E0,1.428077E0
3.083333E0,1.429732E0
3.087500E0,1.430173E0
3.091667E0,1.432679E0
3.095833E0,1.433629E0
3.100000E0,1.434360E0
3.104167E0,1.437558E0
3.108333E0,1.438109E0
3.112500E0,1.439682E0
3.116667E0,1.440223E0
3.120833E0,1.443389E0
3.125000E0,1.445016E0
3.129167E0,1.445909E0
3.133333E0,1.448770E0
3.137500E0,1.451649E0
3.141667E0,1.452451E0
3.145833E0,1.453299E0
3.150000E0,1.454425E0
3.154167E0,1.457618E0
3.158333E0,1.458931E0
3.162500E0,1.460304E0
3.166667E0,1.461560E0
3.170833E0,1.464305E0
3.175000E0,1.465593E0
3.179167E0,1.465797E0
3.183333E0,1.468958E0
3.187500E0,1.469949E0
3.191667E0,1.471326E0
3.195833E0,1.472426E0
3.200000E0,1.475854E0
3.204167E0,1.477316E0
3.208333E0,1.476466E0
3.212500E0,1.480809E0
3.216667E0,1.481659E0
3.220833E0,1.481724E0
3.225000E0,1.483970E0
3.229167E0,1.483974E0
3.233333E0,1.485333E0
3.237500E0,1.488471E0
3.241667E0,1.488638E0
3.245833E0,1.490575E0
3.250000E0,1.492316E0
3.254167E0,1.492491E0
3.258333E0,1.495641E0
3.262500E0,1.496473E0
3.266667E0,1.497526E0
3.270833E0,1.500206E0
3.275000E0,1.501824E0
3.279167E0,1.502505E0
3.283333E0,1.504120E0
3.287500E0,1.506417E0
3.291667E0,1.507662E0
3.295833E0,1.507798E0
3.300000E0,1.513228E0
3.304167E0,1.512890E0
3.308333E0,1.511561E0
3.312500E0,1.516940E0
3.316667E0,1.519954E0
3.320833E0,1.520376E0
3.325000E0,1.521254E0
3.329167E0,1.523165E0
3.333333E0,1.524943E0
3.337500E0,1.525678E0
3.341667E0,1.526726E0
3.345833E0,1.529863E0
3.350000E0,1.531913E0
3.354167E0,1.533598E0
3.358333E0,1.534484E0
3.362500E0,1.535565E0
3.366667E0,1.538801E0
3.370833E0,1.541927E0
3.375000E0,1.543197E0
3.379167E0,1.545890E0
3.383333E0,1.547944E0
3.387500E0,1.550180E0
3.391667E0,1.552356E0
3.395833E0,1.554473E0
3.400000E0,1.556299E0
3.404167E0,1.559656E0
3.408333E0,1.562149E0
3.412500E0,1.564170E0
3.416667E0,1.564276E0
3.420833E0,1.569597E0
3.425000E0,1.570710E0
3.429167E0,1.573183E0
3.433333E0,1.575129E0
3.437500E0,1.576888E0
3.441667E0,1.578500E0
3.445833E0,1.580562E0
3.450000E0,1.581349E0
3.454167E0,1.583310E0
3.458333E0,1.585275E0
3.462500E0,1.587411E0
3.466667E0,1.590165E0
3.470833E0,1.590598E0
3.475000E0,1.593003E0
3.479167E0,1.594268E0
3.483333E0,1.598098E0
3.487500E0,1.600241E0
3.491667E0,1.600400E0
3.495833E0,1.605082E0
3.500000E0,1.607310E0
3.504167E0,1.608872E0
3.508333E0,1.611473E0
3.512500E0,1.612725E0
3.516667E0,1.616517E0
3.520833E0,1.618563E0
3.525000E0,1.621097E0
3.529167E0,1.623438E0
3.533333E0,1.624816E0
3.537500E0,1.626127E0
3.541667E0,1.629117E0
3.545833E0,1.631521E0
3.550000E0,1.634053E0
3.554167E0,1.634782E0
3.558333E0,1.637730E0
3.562500E0,1.640254E0
3.566667E0,1.642819E0
3.570833E0,1.644052E0
3.575000E0,1.646438E0
3.579167E0,1.649124E0
3.583333E0,1.651078E0
3.587500E0,1.652612E0
3.591667E0,1.654500E0
3.595833E0,1.656141E0
3.600000E0,1.658249E0
3.604167E0,1.660626E0
3.608333E0,1.662613E0
3.612500E0,1.665117E0
3.616667E0,1.666266E0
3.620833E0,1.670652E0
3.625000E0,1.672613E0
3.629167E0,1.674772E0
3.633333E0,1.677013E0
3.637500E0,1.677895E0
3.641667E0,1.678684E0
3.645833E0,1.681799E0
3.650000E0,1.683408E0
3.654167E0,1.685036E0
3.658333E0,1.686684E0
3.662500E0,1.689854E0
3.666667E0,1.691903E0
